Id,SalesPrice
1101,68776.54
1102,123866.04
1103,124903.41
1104,135192.95
1105,104665.08
1106,347320.78
1107,169529.11
1108,256358.69
1109,143279.16
1110,283887.47
1111,167346.45
1112,190316.34
1113,138729.64
1114,126937.27
1115,91021.39
1116,312488.6
1117,186067.62
1118,125757.53
1119,103075.94
1120,90945.266
1121,136160.56
1122,225753.19
1123,69809.72
1124,126892.914
1125,152012.69
1126,76714.64
1127,212948.84
1128,240993.25
1129,198941.94
1130,118513.95
1131,84018.94
1132,123462.7
1133,128994.375
1134,236132.9
1135,144875.94
1136,103025.88
1137,114455.5
1138,100693.875
1139,192710.5
1140,128162.84
1141,133773.12
1142,159163.55
1143,384993.1
1144,116337.86
1145,92484.8
1146,137541.38
1147,166654.81
1148,158649.61
1149,114445.67
1150,183706.19
1151,89807.42
1152,143618.98
1153,169783.78
1154,112357.45
1155,211721.72
1156,215414.1
1157,176709.66
1158,191782.38
1159,282915.6
1160,169855.06
1161,136479.16
1162,157964.97
1163,109724.45
1164,134288.62
1165,207219.88
1166,203329.47
1167,242728.7
1168,189846.83
1169,222641.23
1170,505732.28
1171,98076.39
1172,149123.69
1173,182685.72
1174,165132.44
1175,234914.0
1176,306716.16
1177,121031.09
1178,139708.45
1179,144299.08
1180,81182.91
1181,346586.9
1182,247115.97
1183,355808.1
1184,123026.984
1185,83390.82
1186,149773.22
1187,278510.6
1188,271961.97
1189,165289.78
1190,192928.19
1191,180995.06
1192,199492.78
1193,120450.15
1194,160111.02
1195,138607.55
1196,164424.5
1197,239792.6
1198,148818.81
1199,164947.19
1200,130739.3
1201,103077.984
1202,202926.36
1203,145018.47
1204,161024.11
1205,149170.7
1206,273157.62
1207,126696.47
1208,189548.12
1209,138830.66
1210,292017.62
1211,207557.66
1212,273628.47
1213,105679.766
1214,173163.53
1215,124355.89
1216,113040.44
1217,137244.38
1218,237915.12
1219,80837.83
1220,74181.99
1221,123924.875
1222,107420.3
1223,165768.53
1224,91528.97
1225,192511.92
1226,146878.94
1227,273995.97
1228,129958.39
1229,390841.03
1230,127415.03
1231,138077.88
1232,132575.64
1233,118817.6
1234,127176.45
1235,107472.85
1236,154152.28
1237,192773.53
1238,196012.84
1239,120297.85
1240,217678.16
1241,190665.03
1242,265943.84
1243,163994.86
1244,416844.4
1245,211267.88
1246,192732.05
1247,204414.5
1248,128198.03
1249,124203.63
1250,133831.66
1251,239346.02
1252,198986.6
1253,126521.945
1254,255826.66
1255,184163.9
1256,104412.39
1257,293099.72
1258,102636.55
1259,170961.11
1260,187361.11
1261,192132.47
1262,111167.07
1263,139729.25
1264,158299.2
1265,157749.7
1266,169322.28
1267,141682.47
1268,325319.6
1269,402131.72
1270,129821.2
1271,247684.53
1272,155328.75
1273,159531.28
1274,170012.53
1275,135253.4
1276,104392.7
1277,157570.56
1278,187105.1
1279,226848.47
1280,70851.85
1281,189705.81
1282,132851.34
1283,140673.75
1284,146437.34
1285,233577.36
1286,146417.39
1287,154599.97
1288,144613.64
1289,240868.14
1290,305873.75
1291,163892.11
1292,117695.96
1293,86642.03
1294,196797.64
1295,119490.83
1296,138399.66
1297,131810.17
1298,163659.88
1299,738254.7
1300,157991.94
1301,231820.22
1302,143901.78
1303,280589.72
1304,230621.14
1305,146489.36
1306,336047.16
1307,203167.97
1308,139706.86
1309,176608.38
1310,172406.69
1311,242995.4
1312,222355.06
1313,262340.34
1314,349469.66
1315,127689.984
1316,204171.06
1317,257756.97
1318,213239.28
1319,225056.22
1320,138852.47
1321,153062.44
1322,104958.0
1323,211636.22
1324,55040.867
1325,317919.12
1326,71119.39
1327,102177.016
1328,123914.33
1329,256919.53
1330,196245.97
1331,236993.03
1332,124024.734
1333,122794.42
1334,103807.85
1335,107069.4
1336,142696.62
1337,120108.28
1338,88543.016
1339,212000.23
1340,131886.66
1341,105881.83
1342,171172.12
1343,226201.7
1344,168108.31
1345,198617.22
1346,64673.047
1347,253882.73
1348,291009.16
1349,240528.12
1350,101485.25
1351,209555.1
1352,170679.62
1353,97800.19
1354,372139.22
1355,217904.97
1356,177323.16
1357,112798.516
1358,141397.64
1359,153657.48
1360,366807.97
1361,258265.25
1362,249202.62
1363,110489.07
1364,183657.1
1365,126242.53
1366,201363.66
1367,152516.56
1368,115613.81
1369,143090.89
1370,221649.14
1371,100042.19
1372,137918.86
1373,265718.22
1374,440763.1
1375,234033.84
1376,244392.95
1377,71262.18
1378,119542.55
1379,93276.06
1380,132217.16
1381,99157.02
1382,239221.33
1383,134787.12
1384,101291.836
1385,110356.58
1386,125220.25
1387,223494.06
1388,122714.58
1389,324679.72
1390,122570.14
1391,227703.14
1392,118627.48
1393,110882.53
1394,144646.3
1395,232276.9
1396,298623.47
1397,178140.12
1398,154005.56
1399,121529.46
1400,145174.39
1401,146393.73
1402,170980.66
1403,202076.62
1404,234999.38
1405,108809.805
1406,222777.66
1407,147841.03
1408,117081.75
1409,104219.88
1410,212804.81
1411,205757.38
1412,166563.61
1413,84149.14
1414,283440.47
1415,201940.78
1416,207143.69
1417,130161.58
1418,318463.88
1419,163999.73
1420,150303.19
1421,157564.48
1422,120096.49
1423,137665.38
1424,91469.02
1425,122650.375
1426,94014.86
1427,254856.64
1428,156010.89
1429,89768.695
1430,177163.0
1431,139120.53
1432,129985.44
1433,131816.94
1434,179630.05
1435,128998.03
1436,149975.1
1437,124625.09
1438,392742.72
1439,110543.125
1440,162369.08
1441,213516.73
1442,139520.39
1443,368869.03
1444,108280.484
1445,172012.53
1446,102130.38
1447,144120.27
1448,249563.66
1449,96586.375
1450,70446.4
1451,135881.75
1452,288256.38
1453,123738.86
1454,136171.7
1455,178463.88
1456,177041.03
1457,204570.38
1458,267322.4
1459,115040.38
1460,159203.67
